1,12345 
1,12345 3 
1,12345 3 2 
1,12345 3 2 1,12345 
1,12345 3 2 1,12345 3 
1,12345 3 2 1,12345 3 2 
1,12345 3 2 1,12345 3 2 1,12345 
1,12345 3 2 1,12345 3 2 1,12345 3 
1,12345 3 2 1,12345 3 2 1,12345 3 2 
1,12345 3 2 1,12345 3 2 1,12345 3 2 1,12345 
1,12345 3 2 1,12345 3 2 1,12345 3 2 1,12345 3 
1,12345 3 2 1,12345 3 2 1,12345 3 2 1,12345 3 2 
1,12345 3 2 1,12345 3 2 1,12345 3 2 1,12345 3 2 1,12345 
1,12345 3 2 1,12345 3 2 1,12345 3 2 1,12345 3 2 1,12345 3 
1,12345 3 2 1,12345 3 2 1,12345 3 2 1,12345 3 2 1,12345 3 2 
1,12345 3 2 1,12345 3 2 1,12345 3 2 1,12345 3 2 1,12345 3 2 1,12345 
1,12345 3 2 1,12345 3 2 1,12345 3 2 1,12345 3 2 1,12345 3 2 1,12345 3 
1,12345 3 2 1,12345 3 2 1,12345 3 2 1,12345 3 2 1,12345 3 2 1,12345 3 2 
1,12345 3 2 1,12345 3 2 1,12345 3 2 1,12345 3 2 1,12345 3 2 1,12345 3 2 1,12345 
1,12345 3 2 1,12345 3 2 1,12345 3 2 1,12345 3 2 1,12345 3 2 1,12345 3 2 1,12345 3 
1,12345 3 2 1,12345 3 2 1,12345 3 2 1,12345 3 2 1,12345 3 2 1,12345 3 2 1,12345 3 2 
1,12345 3 2 1,12345 3 2 1,12345 3 2 1,12345 3 2 1,12345 3 2 1,12345 3 2 1,12345 3 2 1,12345 
1,12345 3 2 1,12345 3 2 1,12345 3 2 1,12345 3 2 1,12345 3 2 1,12345 3 2 1,12345 3 2 1,12345 3 
1,12345 3 2 1,12345 3 2 1,12345 3 2 1,12345 3 2 1,12345 3 2 1,12345 3 2 1,12345 3 2 1,12345 3 2 
1,12345 3 2 1,12345 3 2 1,12345 3 2 1,12345 3 2 1,12345 3 2 1,12345 3 2 1,12345 3 2 1,12345 3 2 1,12345 
